69120 candles 2026-01-02..2026-08-30; 6076 signals (4193 train / 1883 test)

   TP%    SL%  hold |   n_tr  win%_tr  net%/tr |   n_te  win%_te  net%/tr  net total%
-------------------------------------------------------------------------------------
  0.05   0.50    24 |   4192    89.22  -0.1036 |   1883    86.83  -0.1026      -193.2
  0.10   0.50    24 |   4192    81.42  -0.0955 |   1883    78.76  -0.0965      -181.8
  0.10   1.00    48 |   4192    88.76  -0.0931 |   1880    85.11  -0.0992      -186.5
  0.15   0.60    36 |   4192    78.55  -0.0885 |   1881    75.12  -0.0911      -171.4
  0.20   1.00    48 |   4192    79.15  -0.0856 |   1880    74.20  -0.0970      -182.3
  0.20   0.60    36 |   4192    73.23  -0.0859 |   1881    69.70  -0.0893      -168.0
  0.30   0.60    48 |   4192    67.34  -0.0743 |   1880    64.79  -0.0801      -150.5
  0.30   0.30    24 |   4192    53.39  -0.0840 |   1883    52.89  -0.0951      -179.0
  0.50   0.50    48 |   4192    54.06  -0.0714 |   1880    54.68  -0.0709      -133.3
69120 candles. Long at every candle open, TP/SL in %, hold in candles.
   TP%    SL%  hold  trades    win%  avg %/trade  after 0.1% fee   gross %
--------------------------------------------------------------------------
  0.05   0.50    24   69093   86.41      -0.0106         -0.1106    -735.3
  0.10   0.50    24   69093   77.22      -0.0098         -0.1098    -679.6
  0.10   1.00    48   69070   84.95      -0.0113         -0.1113    -780.1
  0.20   1.00    48   69068   74.19      -0.0126         -0.1126    -868.5
  0.05   0.20    12   69103   73.17      -0.0133         -0.1133    -920.7
  0.30   0.30    24   69087   49.21      -0.0057         -0.1057    -391.1
  0.50   0.50    48   69064   49.19      -0.0103         -0.1103    -714.7
  1.00   0.50    48   69060   41.77      -0.0137         -0.1137    -947.1
