69120 candles, split at 48384. Fade signal: 20-candle extreme closing in the far quarter of its range.

TRAIN  (4193 signals)
h (candles)  minutes      n    win%     avg%  t-stat   drift%    edge%     net%  total net%
-------------------------------------------------------------------------------------------
1                  5   4193   56.40   0.0082    2.78  -0.0000   0.0082  -0.0918      -385.0
2                 10   4193   56.69   0.0143    3.53  -0.0001   0.0143  -0.0857      -359.4
3                 15   4193   57.26   0.0185    3.83  -0.0001   0.0186  -0.0815      -341.7
5                 25   4193   57.36   0.0222    3.62  -0.0001   0.0223  -0.0778      -326.4
8                 40   4193   56.19   0.0236    3.14  -0.0002   0.0239  -0.0764      -320.2
10                50   4193   55.66   0.0229    2.72  -0.0003   0.0232  -0.0771      -323.1
15                75   4193   55.16   0.0283    2.87  -0.0004   0.0287  -0.0717      -300.7
20               100   4193   55.93   0.0441    3.88  -0.0006   0.0446  -0.0559      -234.5
30               150   4192   55.63   0.0476    3.52  -0.0008   0.0484  -0.0524      -219.8
40               200   4192   55.03   0.0441    2.86  -0.0011   0.0452  -0.0559      -234.4
60               300   4192   54.79   0.0534    2.97  -0.0017   0.0551  -0.0466      -195.4

TEST (untouched)  (1883 signals)
h (candles)  minutes      n    win%     avg%  t-stat   drift%    edge%     net%  total net%
-------------------------------------------------------------------------------------------
1                  5   1883   55.02   0.0031    0.91   0.0001   0.0030  -0.0969      -182.5
2                 10   1883   54.86  -0.0000   -0.01   0.0001  -0.0001  -0.1000      -188.4
3                 15   1883   54.43  -0.0009   -0.15   0.0002  -0.0010  -0.1009      -189.9
5                 25   1883   55.50   0.0001    0.02   0.0003  -0.0002  -0.0999      -188.1
8                 40   1883   54.38   0.0042    0.47   0.0005   0.0037  -0.0958      -180.4
10                50   1883   54.65   0.0030    0.32   0.0006   0.0024  -0.0970      -182.6
15                75   1883   55.34   0.0032    0.29   0.0009   0.0023  -0.0968      -182.2
20               100   1883   54.65  -0.0019   -0.14   0.0012  -0.0031  -0.1019      -191.8
30               150   1883   54.12   0.0118    0.78   0.0018   0.0099  -0.0882      -166.1
40               200   1881   54.44  -0.0053   -0.28   0.0025  -0.0077  -0.1053      -198.0
60               300   1880   54.95  -0.0050   -0.23   0.0036  -0.0086  -0.1050      -197.4

TEST — longs only  (991 signals)
h (candles)  minutes      n    win%     avg%  t-stat   drift%    edge%     net%  total net%
-------------------------------------------------------------------------------------------
1                  5    991   54.09   0.0029    0.67   0.0011   0.0018  -0.0971       -96.2
2                 10    991   54.59   0.0008    0.13   0.0023  -0.0014  -0.0992       -98.3
3                 15    991   53.99   0.0030    0.37   0.0034  -0.0005  -0.0970       -96.2
5                 25    991   55.80   0.0116    1.33   0.0058   0.0059  -0.0884       -87.6
8                 40    991   54.89   0.0242    2.39   0.0092   0.0150  -0.0758       -75.1
10                50    991   55.20   0.0216    2.06   0.0115   0.0101  -0.0784       -77.7
15                75    991   56.31   0.0294    2.31   0.0173   0.0121  -0.0706       -69.9
20               100    991   57.72   0.0321    2.08   0.0231   0.0090  -0.0679       -67.3
30               150    991   56.71   0.0539    2.90   0.0346   0.0193  -0.0461       -45.7
40               200    991   56.00   0.0284    1.14   0.0461  -0.0177  -0.0716       -71.0
60               300    990   56.36   0.0392    1.37   0.0685  -0.0294  -0.0608       -60.2

TEST — shorts only  (892 signals)
h (candles)  minutes      n    win%     avg%  t-stat   drift%    edge%     net%  total net%
-------------------------------------------------------------------------------------------
1                  5    892   56.05   0.0032    0.62  -0.0011   0.0043  -0.0968       -86.3
2                 10    892   55.16  -0.0010   -0.14  -0.0023   0.0013  -0.1010       -90.1
3                 15    892   54.93  -0.0051   -0.63  -0.0034  -0.0017  -0.1051       -93.8
5                 25    892   55.16  -0.0126   -1.12  -0.0058  -0.0069  -0.1126      -100.5
8                 40    892   53.81  -0.0181   -1.20  -0.0092  -0.0088  -0.1181      -105.3
10                50    892   54.04  -0.0177   -1.08  -0.0115  -0.0062  -0.1177      -105.0
15                75    892   54.26  -0.0259   -1.38  -0.0173  -0.0086  -0.1259      -112.3
20               100    892   51.23  -0.0395   -1.80  -0.0231  -0.0165  -0.1395      -124.5
30               150    892   51.23  -0.0351   -1.45  -0.0346  -0.0004  -0.1351      -120.5
40               200    890   52.70  -0.0427   -1.47  -0.0461   0.0034  -0.1427      -127.0
60               300    890   53.37  -0.0541   -1.61  -0.0685   0.0144  -0.1541      -137.1


horizon 3 candles (15 min)
month         n    win%  gross avg%      t  net@maker  net@taker
----------------------------------------------------------------
2026-01     779   59.05      0.0166   1.76    -0.0234    -0.0834
2026-02     730   56.30      0.0216   1.27    -0.0184    -0.0784
2026-03     732   59.97      0.0372   3.02    -0.0028    -0.0628
2026-04     708   58.05      0.0144   1.68    -0.0256    -0.0856
2026-05     725   54.34      0.0048   0.63    -0.0352    -0.0952
2026-06     776   53.99      0.0005   0.04    -0.0395    -0.0995
2026-07     822   55.11      0.0019   0.27    -0.0381    -0.0981
2026-08     804   54.60      0.0055   0.72    -0.0345    -0.0945
----------------------------------------------------------------
ALL        6076   56.39      0.0125   3.31    -0.0275    -0.0875
break-even round-trip fee: 0.0125%  (months with positive gross: 8/8)

horizon 8 candles (40 min)
month         n    win%  gross avg%      t  net@maker  net@taker
----------------------------------------------------------------
2026-01     779   59.95      0.0103   0.68    -0.0297    -0.0897
2026-02     730   53.56     -0.0028  -0.10    -0.0428    -0.1028
2026-03     732   58.74      0.0574   3.13     0.0174    -0.0426
2026-04     708   57.20      0.0303   2.30    -0.0097    -0.0697
2026-05     725   50.90      0.0028   0.26    -0.0372    -0.0972
2026-06     776   55.67      0.0372   2.04    -0.0028    -0.0628
2026-07     822   53.53      0.0138   1.23    -0.0262    -0.0862
2026-08     804   55.47     -0.0058  -0.40    -0.0458    -0.1058
----------------------------------------------------------------
ALL        6076   55.63      0.0176   2.99    -0.0224    -0.0824
break-even round-trip fee: 0.0176%  (months with positive gross: 6/8)

horizon 20 candles (100 min)
month         n    win%  gross avg%      t  net@maker  net@taker
----------------------------------------------------------------
2026-01     779   57.64      0.0253   1.18    -0.0147    -0.0747
2026-02     730   56.58      0.0381   0.98    -0.0019    -0.0619
2026-03     732   57.51      0.0759   2.47     0.0359    -0.0241
2026-04     708   55.79      0.0387   1.91    -0.0013    -0.0613
2026-05     725   52.41      0.0128   0.80    -0.0272    -0.0872
2026-06     776   55.03      0.0494   1.81     0.0094    -0.0506
2026-07     822   55.23      0.0434   2.50     0.0034    -0.0566
2026-08     804   54.10     -0.0403  -1.86    -0.0803    -0.1403
----------------------------------------------------------------
ALL        6076   55.53      0.0298   3.37    -0.0102    -0.0702
break-even round-trip fee: 0.0298%  (months with positive gross: 7/8)

holding 20 candles (100 min), 8 months of 5m BTC

variant                                  n  per month    win%   gross%      t  break-even fee%
----------------------------------------------------------------------------------------------
base: 20-extreme, close in far 25%    6076        760   55.53   0.0298   3.37           0.0298
far 15% of range                      4315        539   55.60   0.0300   2.79           0.0300
50-candle extreme                     3125        391   56.77   0.0413   2.91           0.0413
100-candle extreme                    1860        232   56.77   0.0238   1.14           0.0238
50-extreme + far 15%                  2190        274   57.26   0.0460   2.63           0.0460
50-extreme + range > 1.5 avg10        1656        207   54.35   0.0211   1.03           0.0211
50-extreme + range > 2 avg10          1038        130   55.11   0.0500   2.01           0.0500
100-extreme + range>1.5 + run>=3       488         61   53.89   0.0123   0.26           0.0123
100-extreme + far 15% + range>2        450         56   56.44   0.0448   1.02           0.0448
